-1.047285720705986023e-01
1.109564304351806641e+00
1.034833788871765137e+00
-1.142231106758117676e+00
-3.498908281326293945e-01
-1.259557366371154785e+00
3.734740316867828369e-01
2.795479819178581238e-02
-7.901125550270080566e-01
3.187502026557922363e-01
-8.182719945907592773e-01
1.245670318603515625e+00
-6.453079581260681152e-01
9.436740279197692871e-01
-1.471150159835815430e+00
1.437731981277465820e+00
4.026823341846466064e-01
-6.589268445968627930e-01
1.127944350242614746e+00
7.111493945121765137e-01
7.310196757316589355e-02
-1.776221245527267456e-01
-4.733244478702545166e-01
8.145893216133117676e-01
4.563135206699371338e-01
-1.060257077217102051e+00
-7.665045261383056641e-01
-8.988718986511230469e-01
5.451927781105041504e-01
-2.499824166297912598e-01
1.356764554977416992e+00
2.390824705362319946e-01
1.375820636749267578e-01
7.847607135772705078e-01
1.335335662588477135e-03
1.075546264648437500e+00
-6.364784389734268188e-02
6.134543418884277344e-01
1.206506609916687012e+00
8.104284852743148804e-02
-1.949656903743743896e-01
-7.959239184856414795e-02
4.094976782798767090e-01
-1.236216783523559570e+00
-3.782818838953971863e-02
-1.829787045717239380e-01
-4.288981854915618896e-01
8.873382806777954102e-01
-9.344477057456970215e-01
-4.884727299213409424e-01
6.695659756660461426e-01
-8.419874906539916992e-01
-5.750631093978881836e-01
-3.412468135356903076e-01
4.314138293266296387e-01
-3.257145583629608154e-01
-1.084706932306289673e-01
1.050446152687072754e+00
1.381472200155258179e-01
5.021741986274719238e-01
1.354597449302673340e+00
-1.916697025299072266e-01
-1.184473156929016113e+00
-6.715355515480041504e-01
-6.892318725585937500e-01
1.437207221984863281e+00
-8.420175313949584961e-01
6.116702556610107422e-01
2.149419486522674561e-01
1.353390812873840332e+00
9.348838329315185547e-01
-5.227406024932861328e-01
-1.359650492668151855e+00
-1.396179914474487305e+00
8.744016289710998535e-01
2.372969388961791992e-01
-1.567442864179611206e-01
-3.498848378658294678e-01
1.827994734048843384e-01
1.269223570823669434e+00
1.128000497817993164e+00
-2.088419348001480103e-01
1.155726313591003418e+00
1.433378309011459351e-01
7.640342116355895996e-01
-3.788056373596191406e-01
-1.336182355880737305e+00
-5.859008431434631348e-01
-1.324210166931152344e+00
4.605897963047027588e-01
-3.075557649135589600e-01
6.583104133605957031e-01
-6.838929057121276855e-01
-1.057554483413696289e+00
1.224850773811340332e+00
9.465534090995788574e-01
-2.493064552545547485e-01
-1.189696311950683594e+00
-1.080821752548217773e+00
-1.188857436180114746e+00
-1.044436573982238770e+00
-2.856688201427459717e-01
1.853281259536743164e-01
7.526795268058776855e-01
-6.728680729866027832e-01
7.231029272079467773e-01
1.153418302536010742e+00
-1.439798116683959961e+00
-1.227157711982727051e-01
4.414490163326263428e-01
-5.947958230972290039e-01
-6.773483753204345703e-01
5.954844355583190918e-01
-7.543755173683166504e-01
-7.238144874572753906e-01
-1.351724624633789062e+00
-8.901339769363403320e-01
-1.579775810241699219e-01
-1.270621418952941895e+00
-7.966551780700683594e-01
-2.629382610321044922e-01
-4.079670906066894531e-01
4.030722975730895996e-01
-5.914064049720764160e-01
1.061969876289367676e+00
1.043647170066833496e+00
1.043604493141174316e+00
4.155339002609252930e-01
-6.518779993057250977e-01
3.033511340618133545e-02
-1.226049900054931641e+00
-3.577490448951721191e-01
-4.189563095569610596e-01
3.222169876098632812e-01
2.083079069852828979e-01
1.064066365361213684e-01
1.289589285850524902e+00
-2.242189049720764160e-01
-7.296497225761413574e-01
-2.210938185453414917e-01
-2.120116651058197021e-01
-1.483425021171569824e+00
-2.287415117025375366e-01
1.153596282005310059e+00
-1.363400965929031372e-01
4.855310916900634766e-01
1.450157999992370605e+00
-2.667105197906494141e-01
-8.279388546943664551e-01
1.029105857014656067e-03
-2.971920371055603027e-01
4.900880530476570129e-02
5.322408080101013184e-01
-7.673006057739257812e-01
3.634339869022369385e-01
-1.005388647317886353e-01
-1.212702751159667969e+00
1.201640069484710693e-01
2.311249226331710815e-01
-1.035532832145690918e+00
3.953240513801574707e-01
-1.030472591519355774e-01
9.309549927711486816e-01
1.293619990348815918e+00
3.465172648429870605e-01
1.379896640777587891e+00
-9.746394753456115723e-01
-1.438344120979309082e+00
3.475595712661743164e-01
-3.329328000545501709e-01
-1.136946439743041992e+00
-1.970158815383911133e-01
1.211801052093505859e+00
-7.115951180458068848e-01
7.868135571479797363e-01
1.194684505462646484e+00
-4.689302742481231689e-01
-1.220409512519836426e+00
1.477714061737060547e+00
1.538320183753967285e-01
1.094751119613647461e+00
1.489268690347671509e-01
3.890503346920013428e-01
-1.084280729293823242e+00
3.512234091758728027e-01
6.787211298942565918e-01
4.919981956481933594e-01
1.549551337957382202e-01
6.433966159820556641e-01
8.681929707527160645e-01
4.451550543308258057e-02
5.410696864128112793e-01
9.580538868904113770e-01
7.531950473785400391e-01
1.505269050598144531e+00
-2.487180083990097046e-01
5.387275815010070801e-01
-3.561915755271911621e-01
-1.633963733911514282e-01
4.583857357501983643e-01
3.014521598815917969e-01
-7.516561150550842285e-01
1.191716432571411133e+00
-6.401689052581787109e-01
-1.036777049303054810e-01
-4.019511938095092773e-01
6.002701073884963989e-02
1.201547861099243164e+00
1.035073280334472656e+00
3.068095743656158447e-01
-1.311717987060546875e+00
1.083016276359558105e+00
-6.502625942230224609e-01
-1.419415950775146484e+00
-1.587502062320709229e-01
6.707404851913452148e-01
2.301322519779205322e-01
9.464249610900878906e-01
1.965982764959335327e-01
5.367201566696166992e-01
-2.266277000308036804e-02
-1.427480220794677734e+00
1.310557723045349121e+00
-6.555942893028259277e-01
-5.166618824005126953e-01
-1.049293801188468933e-01
1.112527132034301758e+00
1.139608740806579590e+00
3.967944160103797913e-02
6.254333257675170898e-01
8.251697421073913574e-01
-9.299270510673522949e-01
-1.402230143547058105e+00
-1.126574397087097168e+00
8.567292094230651855e-01
1.050388813018798828e+00
-1.284532189369201660e+00
6.242714356631040573e-03
-5.448588132858276367e-01
-5.958107709884643555e-01
8.192551732063293457e-01
5.237147808074951172e-01
-1.192749500274658203e+00
1.345237851142883301e+00
-5.801344513893127441e-01
2.368034869432449341e-01
-1.438999414443969727e+00
-1.020413756370544434e+00
4.544216990470886230e-01
6.245372891426086426e-01
6.244535446166992188e-01
6.336253881454467773e-01
-1.379576921463012695e+00
